class EdgeWeightedGraph:
    g={}
    g[0]={}
    g[0][6]=0.58
    g[0][2]=0.26
    g[0][4]=0.38
    g[0][7]=0.16
    g[1]={}
    g[1][3]=0.29
    g[1][2]=0.36
    g[1][7]=0.19
    g[1][5]=0.32
    g[2]={}
    g[2][6]=0.40
    g[2][7]=0.34
    g[2][1]=0.36
    g[2][0]=0.26
    g[2][3]=0.17
    g[3]={}
    g[3][6]=0.52
    g[3][1]=0.29
    g[3][2]=0.17
    g[4]={}
    g[4][6]=0.93
    g[4][0]=0.38
    g[4][7]=0.37
    g[4][5]=0.35
    g[5]={}
    g[5][1]=0.32
    g[5][7]=0.28
    g[5][4]=0.35
    g{6}={}
    g[6][4]=0.93
    g[6][0]=0.58
    g[6][3]=0.52
    g[6][2]=0.40
    g[7]={}
    g[7][2]=0.34
    g[7][1]=0.19
    g[7][0]=0.16
    g[7][5]=0.28
    g[7][4]=0.37
    def adj(self,v):
        return self.g[v]

    def edges(self):
        return

